[bg5.jpg]
filters=tint=1,0.000000,fffd4455;
moddate=5e80423325dbcc01
width=1366
height=768
textactive=0
[bg6.jpg]
filters=tint=1,0.000000,ff4e9585;sat=1,1.000000;
moddate=7a26864f26dbcc01
width=1366
height=768
textactive=0
